NC_001133.9
1 27090
160239 166168
198601 198709
198851 202900
203910 206580
218323 219329
223611 230218
NC_001134.8
197156 197367
221037 226670
427718 429567
643489 643864
810628 810799
811206 813184
NC_001135.5
148615 151669
168601 168758
200104 200850
307848 316620
NC_001136.10
513259 513602
513689 519912
520390 520818
521109 521269
522927 535081
544681 544801
628743 628880
645235 645521
651419 651503
668091 668436
802914 805524
1504481 1504690
1525207 1531933
NC_001137.3
1 6792
14678 15000
249930 250275
354204 354730
431490 431827
NC_001138.5
1 4819
137737 143871
NC_001139.9
1 145
NC_001140.6
1 11891
85386 92127
92581 94981
116425 116761
544512 547169
NC_001141.2
1767 10469
196654 197029
205219 210306
246215 246552
439819 439888
NC_001142.9
1 8069
197545 203397
203769 204114
538103 538439
541090 541427
543603 543699
738242 745751
NC_001143.9
666444 666816
NC_001144.5
1 2592
5834 5905
7326 7516
7729 16488
215074 221004
451419 459872
472318 481897
650824 656748
NC_001145.3
1 5597
184170 190088
196332 202178
357006 362924
372673 378621
768548 768884
808537 809183
924373 924431
NC_001146.8
765399 779055
781852 783313
783599 783663
783825 784333
NC_001147.6
117698 118020
123291 123628
595153 600733
NC_001148.4
1 7419
850634 856564
NC_001224.1
1 33238
50489 85779
